Date,ConfirmedCases,ConfirmedDeaths,InfectionRate
2020-01-01,,,
2020-01-02,,,
2020-01-03,,,
2020-01-04,,,
2020-01-05,,,
2020-01-06,,,
2020-01-07,,,
2020-01-08,,,
2020-01-09,,,
2020-01-10,,,
2020-01-11,,,
2020-01-12,,,
2020-01-13,,,
2020-01-14,,,
2020-01-15,,,
2020-01-16,,,
2020-01-17,,,
2020-01-18,,,
2020-01-19,,,
2020-01-20,,,
2020-01-21,,,
2020-01-22,0.0,0.0,
2020-01-23,0.0,0.0,0.0
2020-01-24,0.0,0.0,0.0
2020-01-25,0.0,0.0,0.0
2020-01-26,0.0,0.0,0.0
2020-01-27,0.0,0.0,0.0
2020-01-28,0.0,0.0,0.0
2020-01-29,0.0,0.0,0.0
2020-01-30,0.0,0.0,0.0
2020-01-31,2.0,0.0,2.0
2020-02-01,2.0,0.0,0.0
2020-02-02,2.0,0.0,0.0
2020-02-03,8.0,0.0,6.0
2020-02-04,8.0,0.0,0.0
2020-02-05,9.0,0.0,1.0
2020-02-06,9.0,0.0,0.0
2020-02-07,9.0,0.0,0.0
2020-02-08,13.0,0.0,4.0
2020-02-09,14.0,0.0,1.0
2020-02-10,14.0,0.0,0.0
2020-02-11,15.0,0.0,1.0
2020-02-12,16.0,0.0,1.0
2020-02-13,17.0,0.0,1.0
2020-02-14,18.0,0.0,1.0
2020-02-15,18.0,0.0,0.0
2020-02-16,18.0,0.0,0.0
2020-02-17,19.0,0.0,1.0
2020-02-18,19.0,0.0,0.0
2020-02-19,20.0,0.0,1.0
2020-02-20,22.0,0.0,2.0
2020-02-21,23.0,0.0,1.0
2020-02-22,23.0,0.0,0.0
2020-02-23,28.0,0.0,5.0
2020-02-24,30.0,0.0,2.0
2020-02-25,34.0,0.0,4.0
2020-02-26,37.0,0.0,3.0
2020-02-27,44.0,0.0,7.0
2020-02-28,56.0,0.0,12.0
2020-02-29,61.0,0.0,5.0
2020-03-01,94.0,0.0,33.0
2020-03-02,134.0,0.0,40.0
2020-03-03,189.0,0.0,55.0
2020-03-04,245.0,0.0,56.0
2020-03-05,294.0,0.0,49.0
2020-03-06,373.0,1.0,79.0
2020-03-07,428.0,2.0,55.0
2020-03-08,482.0,2.0,54.0
2020-03-09,629.0,3.0,147.0
2020-03-10,887.0,7.0,258.0
2020-03-11,1298.0,7.0,411.0
2020-03-12,1787.0,9.0,489.0
2020-03-13,2266.0,10.0,479.0
2020-03-14,2630.0,29.0,364.0
2020-03-15,3072.0,43.0,442.0
2020-03-16,3684.0,65.0,612.0
2020-03-17,4452.0,82.0,768.0
2020-03-18,5451.0,116.0,999.0
2020-03-19,6506.0,162.0,1055.0
2020-03-20,7760.0,194.0,1254.0
2020-03-21,8957.0,252.0,1197.0
2020-03-22,10333.0,288.0,1376.0
2020-03-23,12668.0,364.0,2335.0
2020-03-24,15039.0,512.0,2371.0
2020-03-25,17732.0,703.0,2693.0
2020-03-26,20816.0,884.0,3084.0
2020-03-27,24017.0,1172.0,3201.0
2020-03-28,26839.0,1464.0,2822.0
2020-03-29,29696.0,1676.0,2857.0
2020-03-30,33969.0,2050.0,4273.0
2020-03-31,38484.0,2453.0,4515.0
2020-04-01,43398.0,3125.0,4914.0
2020-04-02,48263.0,3782.0,4865.0
2020-04-03,53178.0,4518.0,4915.0
2020-04-04,57198.0,5274.0,4020.0
2020-04-05,60792.0,5873.0,3594.0
2020-04-06,66067.0,6440.0,5275.0
2020-04-07,71517.0,7545.0,5450.0
2020-04-08,76646.0,8575.0,5129.0
2020-04-09,81498.0,9691.0,4852.0
2020-04-10,85813.0,10813.0,4315.0
2020-04-11,89390.0,11656.0,3577.0
2020-04-12,92885.0,12313.0,3495.0
2020-04-13,97068.0,13037.0,4183.0
2020-04-14,101393.0,14113.0,4325.0
2020-04-15,106458.0,14993.0,5065.0
2020-04-16,111756.0,16029.0,5298.0
2020-04-17,116721.0,16942.0,4965.0
2020-04-18,121437.0,18047.0,4716.0
2020-04-19,125289.0,18479.0,3852.0
2020-04-20,130147.0,19049.0,4858.0
2020-04-21,134907.0,20273.0,4760.0
2020-04-22,140397.0,21120.0,5490.0
2020-04-23,145540.0,21802.0,5143.0
2020-04-24,150513.0,22812.0,4973.0
2020-04-25,154261.0,23627.0,3748.0
2020-04-26,157729.0,23991.0,3468.0
2020-04-27,162431.0,24311.0,4702.0
2020-04-28,167152.0,25280.0,4721.0
2020-04-29,172587.0,26049.0,5435.0
2020-04-30,177543.0,26683.0,4956.0
2020-05-01,182270.0,27381.0,4727.0
2020-05-02,185491.0,27965.0,3221.0
2020-05-03,188465.0,28218.0,2974.0
2020-05-04,191843.0,28490.0,3378.0
2020-05-05,195527.0,29216.0,3684.0
2020-05-06,199358.0,29863.0,3831.0
2020-05-07,203125.0,30321.0,3767.0
2020-05-08,206174.0,30900.0,3049.0
2020-05-09,208324.0,31175.0,2150.0
2020-05-10,210645.0,31392.0,2321.0
2020-05-11,214228.0,31579.0,3583.0
2020-05-12,217617.0,32193.0,3389.0
2020-05-13,220915.0,32640.0,3298.0
2020-05-14,223524.0,32992.0,2609.0
2020-05-15,226041.0,33342.0,2517.0
2020-05-16,228106.0,33753.0,2065.0
2020-05-17,229932.0,33820.0,1826.0
2020-05-18,232506.0,33966.0,2574.0
2020-05-19,235547.0,34466.0,3041.0
2020-05-20,238253.0,34794.0,2706.0
2020-05-21,240795.0,35067.0,2542.0
2020-05-22,242825.0,35358.0,2030.0
2020-05-23,244332.0,35578.0,1507.0
2020-05-24,245680.0,35957.0,1348.0
2020-05-25,247287.0,36061.0,1607.0
2020-05-26,248937.0,36192.0,1650.0
2020-05-27,250739.0,36614.0,1802.0
2020-05-28,252473.0,36957.0,1734.0
2020-05-29,253977.0,37231.0,1504.0
2020-05-30,255076.0,37385.0,1099.0
2020-05-31,256145.0,37445.0,1069.0
2020-06-01,257579.0,37531.0,1434.0
2020-06-02,259046.0,37780.0,1467.0
2020-06-03,260388.0,38034.0,1342.0
2020-06-04,261622.0,38164.0,1234.0
2020-06-05,262727.0,38422.0,1105.0
2020-06-06,263518.0,38565.0,791.0
2020-06-07,264235.0,38619.0,717.0
2020-06-08,265321.0,38666.0,1086.0
2020-06-09,266474.0,38861.0,1153.0
2020-06-10,267656.0,39025.0,1182.0
2020-06-11,268657.0,39101.0,1001.0
2020-06-12,269710.0,39232.0,1053.0
2020-06-13,270597.0,39339.0,887.0
2020-06-14,271404.0,39366.0,807.0
2020-06-15,272430.0,39395.0,1026.0
2020-06-16,273507.0,39515.0,1077.0
2020-06-17,274504.0,39625.0,997.0
2020-06-18,275524.0,39692.0,1020.0
2020-06-19,276504.0,39776.0,980.0
2020-06-20,277170.0,39847.0,666.0
2020-06-21,277792.0,39878.0,622.0
2020-06-22,278684.0,39892.0,892.0
2020-06-23,279566.0,39986.0,882.0
2020-06-24,280340.0,40073.0,774.0
2020-06-25,281037.0,40172.0,697.0
2020-06-26,281675.0,40249.0,638.0
2020-06-27,282308.0,40289.0,633.0
2020-06-28,282703.0,40320.0,395.0
2020-06-29,283307.0,40341.0,604.0
2020-06-30,283710.0,40394.0,403.0
2020-07-01,283770.0,40491.0,60.0
2020-07-02,283774.0,40532.0,4.0
2020-07-03,284276.0,40581.0,502.0
2020-07-04,284900.0,40613.0,624.0
2020-07-05,285416.0,40632.0,516.0
2020-07-06,285768.0,40643.0,352.0
2020-07-07,286349.0,40697.0,581.0
2020-07-08,286979.0,40754.0,630.0
2020-07-09,287621.0,40785.0,642.0
2020-07-10,288133.0,40819.0,512.0
2020-07-11,288953.0,40836.0,820.0
2020-07-12,289603.0,40845.0,650.0
2020-07-13,290133.0,40855.0,530.0
2020-07-14,291373.0,40899.0,1240.0
2020-07-15,291911.0,40925.0,538.0
2020-07-16,292552.0,40949.0,641.0
2020-07-17,293239.0,40975.0,687.0
2020-07-18,294066.0,40984.0,827.0
2020-07-19,294792.0,40995.0,726.0
2020-07-20,295372.0,41005.0,580.0
2020-07-21,295817.0,41030.0,445.0
2020-07-22,296377.0,41047.0,560.0
2020-07-23,297146.0,41056.0,769.0
2020-07-24,297914.0,41088.0,768.0
2020-07-25,298681.0,41103.0,767.0
2020-07-26,299426.0,41111.0,745.0
2020-07-27,300111.0,41114.0,685.0
2020-07-28,300658.0,41135.0,547.0
2020-07-29,301455.0,41169.0,797.0
2020-07-30,302301.0,41169.0,846.0
2020-07-31,303181.0,41189.0,880.0
2020-08-01,303942.0,41202.0,761.0
2020-08-02,304685.0,41207.0,743.0
2020-08-03,305623.0,41208.0,938.0
2020-08-04,306293.0,41226.0,670.0
2020-08-05,307184.0,41240.0,891.0
2020-08-06,308134.0,41258.0,950.0
2020-08-07,309005.0,41270.0,871.0
2020-08-08,309763.0,41273.0,758.0
2020-08-09,310825.0,41278.0,1062.0
2020-08-10,311641.0,41296.0,816.0
2020-08-11,312789.0,41309.0,1148.0
2020-08-12,313798.0,41329.0,1009.0
2020-08-13,314927.0,41347.0,1129.0
2020-08-14,316367.0,41358.0,1440.0
2020-08-15,317379.0,41361.0,1012.0
2020-08-16,318484.0,41366.0,1105.0
2020-08-17,319197.0,41369.0,713.0
2020-08-18,320286.0,41381.0,1089.0
2020-08-19,321098.0,41397.0,812.0
2020-08-20,322280.0,41403.0,1182.0
2020-08-21,323313.0,41405.0,1033.0
2020-08-22,324601.0,41423.0,1288.0
2020-08-23,325642.0,41429.0,1041.0
2020-08-24,326614.0,41433.0,972.0
2020-08-25,327798.0,41449.0,1184.0
2020-08-26,328846.0,41465.0,1048.0
2020-08-27,330368.0,41477.0,1522.0
2020-08-28,331644.0,41486.0,1276.0
2020-08-29,332752.0,41498.0,1108.0
2020-08-30,334467.0,41499.0,1715.0
2020-08-31,335873.0,41501.0,1406.0
2020-09-01,337168.0,41504.0,1295.0
2020-09-02,338676.0,41514.0,1508.0
2020-09-03,340411.0,41527.0,1735.0
2020-09-04,342351.0,41537.0,1940.0
2020-09-05,344164.0,41549.0,1813.0
2020-09-06,347152.0,41551.0,2988.0
2020-09-07,350100.0,41554.0,2948.0
2020-09-08,352560.0,41586.0,2460.0
2020-09-09,355219.0,41594.0,2659.0
2020-09-10,358138.0,41608.0,2919.0
2020-09-11,361677.0,41614.0,3539.0
2020-09-12,365174.0,41623.0,3497.0
2020-09-13,368504.0,41628.0,3330.0
2020-09-14,371125.0,41637.0,2621.0
2020-09-15,374228.0,41664.0,3103.0
2020-09-16,378219.0,41684.0,3991.0
2020-09-17,381614.0,41705.0,3395.0
2020-09-18,385936.0,41732.0,4322.0
2020-09-19,390358.0,41759.0,4422.0
2020-09-20,394257.0,41777.0,3899.0
2020-09-21,398625.0,41788.0,4368.0
2020-09-22,403551.0,41825.0,4926.0
2020-09-23,409729.0,41862.0,6178.0
2020-09-24,416363.0,41902.0,6634.0
2020-09-25,423236.0,41936.0,6873.0
2020-09-26,429277.0,41971.0,6041.0
2020-09-27,434969.0,41988.0,5692.0
2020-09-28,439013.0,42001.0,4044.0
2020-09-29,446156.0,42072.0,7143.0
2020-09-30,453264.0,42143.0,7108.0
2020-10-01,460178.0,42202.0,6914.0
2020-10-02,467146.0,42268.0,6968.0
2020-10-03,480017.0,42317.0,12871.0
2020-10-04,502978.0,42350.0,22961.0
2020-10-05,515571.0,42369.0,12593.0
2020-10-06,530113.0,42445.0,14542.0
2020-10-07,544275.0,42515.0,14162.0
2020-10-08,561815.0,42592.0,17540.0
2020-10-09,575679.0,42679.0,13864.0
2020-10-10,590844.0,42760.0,15165.0
2020-10-11,603716.0,42825.0,12872.0
2020-10-12,617688.0,42875.0,13972.0
2020-10-13,634920.0,43018.0,17232.0
2020-10-14,654644.0,43155.0,19724.0
2020-10-15,673622.0,43293.0,18978.0
2020-10-16,689257.0,43429.0,15635.0
2020-10-17,705428.0,43579.0,16171.0
2020-10-18,722409.0,43646.0,16981.0
2020-10-19,741212.0,43726.0,18803.0
2020-10-20,762542.0,43967.0,21330.0
2020-10-21,789229.0,44158.0,26687.0
2020-10-22,810467.0,44347.0,21238.0
2020-10-23,830998.0,44571.0,20531.0
2020-10-24,854010.0,44745.0,23012.0
2020-10-25,873800.0,44896.0,19790.0
2020-10-26,894690.0,44998.0,20890.0
2020-10-27,917575.0,45365.0,22885.0
2020-10-28,942275.0,45675.0,24700.0
2020-10-29,965340.0,45955.0,23065.0
2020-10-30,989745.0,46229.0,24405.0
2020-10-31,1011660.0,46555.0,21915.0
2020-11-01,1034914.0,46717.0,23254.0
2020-11-02,1053864.0,46853.0,18950.0
2020-11-03,1073882.0,47250.0,20018.0
2020-11-04,1099059.0,47742.0,25177.0
2020-11-05,1123197.0,48120.0,24138.0
2020-11-06,1146484.0,48475.0,23287.0
2020-11-07,1171441.0,48888.0,24957.0
2020-11-08,1192013.0,49044.0,20572.0
2020-11-09,1213363.0,49238.0,21350.0
2020-11-10,1233775.0,49770.0,20412.0
2020-11-11,1256725.0,50365.0,22950.0
2020-11-12,1290195.0,50928.0,33470.0
2020-11-13,1317496.0,51304.0,27301.0
2020-11-14,1344356.0,51766.0,26860.0
2020-11-15,1369318.0,51934.0,24962.0
2020-11-16,1390681.0,52147.0,21363.0
2020-11-17,1410732.0,52745.0,20051.0
2020-11-18,1430341.0,53274.0,19609.0
2020-11-19,1453256.0,53775.0,22915.0
2020-11-20,1473508.0,54286.0,20252.0
2020-11-21,1493383.0,54626.0,19875.0
2020-11-22,1512045.0,55024.0,18662.0
2020-11-23,1527495.0,55230.0,15450.0
2020-11-24,1538794.0,55838.0,11299.0
2020-11-25,1557007.0,56533.0,18213.0
2020-11-26,1574562.0,57031.0,17555.0
2020-11-27,1589301.0,57551.0,14739.0
2020-11-28,1605172.0,58030.0,15871.0
2020-11-29,1617327.0,58245.0,12155.0
2020-11-30,1629657.0,58448.0,12330.0
2020-12-01,1643086.0,59051.0,13429.0
2020-12-02,1643086.0,59051.0,0.0
